"a1"	"a2"	"b1"	"b2"	"c1"	"c2"	"tau"
24.991813365663	25.002310594355	18.8750785411603	19.5234915270485	1268.74259565478	0.882773254373339	0.000141304145966233
19.3274438252378	25.8374189451327	92.026433802436	26.7227452124185	1048.87973361993	0.694872802852189	176.863303314799
16.8287096655701	25.5787708288864	113.172809308105	24.1359476342024	1288.24645835502	0.703607406306683	176.922433750791
17.0042486654821	25.5737497413839	134.391149011903	24.5583234102948	1236.94434353641	0.671436343814122	180.17255727067
18.360849773909	25.786632260871	91.5676511653209	23.0546786430413	1146.62782906754	0.755032650352444	185.737951708258
17.9892695527726	25.6068948492256	120.797926776735	22.1412729565422	1079.83967369839	0.711867652504548	186.335259764252
19.4443072012205	25.8961298473159	93.3417305044103	32.6892897526218	1116.68784469568	0.586464301078433	182.210970905352
18.1735912504219	25.5478356970542	119.916514952746	25.1169514494005	1109.21970927993	0.645625159775123	177.854816264104
20.0922796846036	25.7287055255816	93.0621460330609	23.3046951815706	978.711796511433	0.739388780005315	169.751954468146
17.4162271783413	25.8200855703651	124.123505365454	24.2154321158722	1203.43431399498	0.689606145853542	177.717854917877
19.1865875666632	25.5055506374122	107.639339358035	23.9620756095877	975.911004743393	0.656963823916866	179.212601830052
19.5937950699778	25.790826589514	92.3281134996963	29.5909796416962	955.594867430136	0.644737942571766	190.098683185318
18.3126082465765	25.4078443631707	128.218311489024	23.6845679921852	1029.98647492324	0.662788392012261	174.11611663
18.6752201945728	26.0298655126803	109.056642620782	31.8267938525579	1122.30173172991	0.605835535485201	176.801950729093
19.140322634751	25.4923780993417	94.8692608287845	23.6871996545908	1034.08647414221	0.66192768586738	179.436549639061
19.7990686904498	25.6394138935905	102.590362671542	24.4232287759948	936.165292592485	0.688068301616477	196.414533688616
19.2678307177526	25.8476268781754	99.2288315383493	26.6835281125887	1011.65734242693	0.650575768282178	182.412693235709
18.2186979587421	25.5213148333085	146.935847868163	26.8052269742117	1013.69173080371	0.612201408588802	181.65617127353
18.7043417532623	25.9109472464821	93.7523521322284	27.7403605052873	1085.7816517559	0.682878691042751	180.081607652598
16.413526064083	25.6144788625338	122.560344112755	22.1602084301525	1309.44211805834	0.737653111877942	176.660770938625
18.017034909673	25.5959402482698	107.95360530902	23.7859687816822	1103.39557044473	0.713459876714746	180.654700694415
20.8053355982293	26.0677004582123	78.7192355667458	33.2750306432577	1016.38679991056	0.59323204233363	198.052078682535
18.4703380398418	25.8902209823818	109.369704651958	28.22457992887	1136.02292902399	0.627728118320384	172.125204840938
14.0738848788352	25.4986264668059	158.053351431657	22.0501118385913	1471.61066917233	0.734256180752821	180.107558386963
19.4402352116977	25.7456578964326	90.686815773648	22.9615860806777	1025.77825549236	0.772586165133396	190.518072404587
18.4474880359841	25.7516300961801	111.481059261002	26.930652299631	1155.28245006913	0.630383203094368	191.395542958703
16.5210248434162	25.9616433330102	132.294068975133	25.1189903373605	1172.96111315286	0.716694525160139	170.779105631348
18.8982873527646	25.7053177982622	91.2995147931616	27.2842769223056	1067.41108347801	0.647315647553407	187.661934975789
18.9139135656109	25.8648058639217	85.7938841606071	27.1855099050597	1192.29750066282	0.680038330395974	171.664379101837
19.3659595290304	25.7505876859374	102.49385014704	21.9520168775283	971.343949922711	0.795595660553395	191.799762515518
16.7106787989077	25.8841671183485	145.426876766228	29.3340555032092	1197.9212347953	0.630752091186722	175.967722095308
19.8248335845954	25.9398521926347	97.2124096065458	29.0741951237435	1000.39230361655	0.642489455892445	193.714309330713
19.8994110953554	25.7786793527678	91.0361293750074	28.6202678678231	981.284651022232	0.614919574841595	191.170536708016
18.3717719659331	25.7129260004561	114.484710871874	24.7875844849081	1100.31417095081	0.709150377097119	179.542655073749
18.8079263906315	25.9357333328736	119.965596880457	29.4248398463295	1015.70689487511	0.618726797397254	178.703779868523
20.2133882413011	25.6149188831228	87.3501626454616	23.518454504411	939.735082805583	0.713733028108424	185.163558642951
18.2777525779143	25.8717723338648	106.122938487252	24.9530153663206	1077.25539016888	0.673184445268458	185.495909045503
17.5257077554867	25.6903669291646	120.016103864333	28.2801450504637	1142.93605932468	0.610056367290892	180.506663778519
17.5156687684546	25.9311350599148	123.372637491052	27.2876835745492	1192.82153889926	0.65626884763366	180.522352057024
17.92589444798	25.5454795432755	106.155020148317	22.6107574000658	1139.78378687223	0.714828786127243	187.71705511236
18.6180784557558	25.5765934155302	102.787618965513	23.2684234877477	1056.302765411	0.691395503188627	187.03062686543
18.7230799255384	25.5937161074362	113.7131779066	22.1578353292732	1019.21168772096	0.76186202037494	165.629978577314
16.5272232232419	25.6420672821972	152.116366661915	24.1589216408048	1161.41580398892	0.689893121645024	161.095942297692
19.8468698349452	26.0671889736673	91.3391640975241	30.347956876783	980.41750164305	0.638257925059431	185.377801967626
19.8434841590023	26.051133362012	80.0294329012846	27.4587035395589	951.134237083474	0.7047352407483	184.513551894016
17.5994300424399	25.7145261143046	132.444271581773	23.4235100502165	1083.44596461103	0.756901992552672	185.367158905403
17.8493951836666	25.7006275736766	126.594617717689	25.274395604892	1068.51679605834	0.64709685804791	179.759996636421
19.7310590389156	25.6252886270824	110.409922269243	24.5666281526568	962.96081130258	0.679438268019644	182.405013689704
17.7041917996993	25.6982517282546	140.2089983214	26.2206807106781	1080.43428701282	0.672676464065012	180.586902619996
21.0921400147003	25.7810576234749	117.338797017916	29.1466433840965	859.188504144864	0.641515598908286	191.697534010608
18.1100214071489	25.8834717962204	137.684601714904	27.4459100181761	1000.95520845175	0.664529491705184	173.973708219572
18.2152427600005	25.8599670184198	111.172016959671	26.7929537791057	1088.52196713469	0.690107165813937	172.375851544364
18.839138563492	25.8729396081647	105.188375233105	30.7695349353394	1102.14274365976	0.573617023433794	185.380806211135
20.2074118492375	25.4171386872558	92.500123552694	24.1329301251266	968.904381542308	0.656374444798453	188.468959454049
18.7042837169296	25.6610224440895	113.310264955526	23.7066414729549	1097.65632577188	0.706305995657365	190.219899503446
18.7767398896945	25.7971658266059	122.714582654616	31.5038598044074	1007.05565262066	0.598010737492689	180.955362596756
18.2271540677254	25.8635580501717	100.142869956679	24.9700590093745	1142.77946300985	0.750153558025115	183.134160233204
15.0383390311906	25.4508096554404	125.146921913415	20.7471185198186	1508.19041912387	0.736190667531578	179.370298094133
19.4626596156013	25.7255561344492	105.286317694158	24.4210839276976	1003.18373565887	0.686983797390188	186.652483813833
18.8301082670221	25.5301256130186	133.241781046007	21.2861616289866	953.664518795231	0.78919647039251	172.240149866756
19.0426808619794	25.5989937775329	103.850408586628	26.5782634084431	1089.95827828596	0.636004166228489	180.037516721951
17.5160929130931	25.7569622995472	101.548551796503	26.0551093005322	1354.99550291077	0.678359429188373	188.243385349643
18.0305111998384	25.908847157587	130.701696795818	31.538466219267	1112.85612508085	0.586564044412847	170.571060123652
17.0077294573281	25.7087517700266	136.683656520561	25.3531810555938	1099.41825704343	0.699203396661848	176.325714896953
18.3800601983181	25.7806907081808	104.158434713392	25.3745716303452	1135.79256468319	0.677006267850462	189.90808105389
18.0163748661165	26.0429350314604	110.285184033169	26.7823888821991	1129.38719977781	0.676436492118394	179.438361985351
17.4895951210348	25.9526273397108	122.599732311842	30.7990364817257	1152.40615216811	0.620526324121738	173.833926865873
19.559542169941	25.7004944643171	96.0359594681664	24.3384611129598	1023.4489502583	0.679702542242968	185.749852373236
19.0197014395574	25.6487567714964	109.833871384101	25.2378004890908	1061.27906210464	0.662015049640249	190.074272601349
19.4530258496047	25.5751457591503	92.0656592276065	22.8120886414498	991.529065853785	0.723519395735717	184.979654063905
17.8110034513363	25.8289279869493	118.844383665648	25.2197280763997	1091.99422433611	0.699919405828702	176.597280532505
20.3571462357088	25.6521123341066	93.1160034753715	26.2175352573451	984.122390924862	0.673624671955116	180.888131980234
18.4549084480666	25.6618427190808	119.494569753817	22.9508563195961	1045.7471666664	0.732738114930689	188.378032189346
18.4698516171335	25.5972098691064	123.298940463694	25.8786754278007	1020.09403978908	0.646655158958877	192.878849352831
18.5376728735981	25.9470808958422	106.823243643615	24.1369287978672	1047.74314237754	0.787526692181545	180.294417876149
17.7747613141273	25.6387954321992	115.572030649195	23.3894295183757	1130.49833720406	0.735507509796599	176.631705942053
18.7864181518154	25.8301506951534	102.324713410523	21.9111308753388	1045.82986696871	0.827375611640549	172.10380542019
19.7374263972076	25.6993763115096	97.1354149995326	23.5728935598777	1008.23403124308	0.746499618925897	184.334596489063
19.2509863471699	25.8234001739407	86.9340087971529	26.247554490214	1041.92748321391	0.705753727870046	178.194274752561
16.2442978055496	25.8536444551384	131.909276973362	26.0510785764459	1244.21836666854	0.647700080308167	179.112083915738
18.962410503678	25.5192614772755	106.140100233693	24.8362515229511	976.370069999396	0.654291655139874	171.945105149362
19.8820467600014	25.6318429915006	87.5168888091566	26.5328458401128	1014.74817348679	0.605522155425641	177.428650468148
19.2518916599871	25.8237985240121	111.096400336376	26.3874156781014	959.931328199832	0.697714129954373	176.885337647269
18.8383348225458	26.0573069110416	117.490683406531	28.8610105034935	1013.87883483784	0.691909004861124	174.189102590985
20.3679564367198	25.5064218048976	93.4091984872896	25.8018922825228	961.419049055336	0.606209836410698	180.197315179327
19.702087177307	25.6935136614686	90.6502507820385	29.6505969698156	1055.58268115362	0.571055568896901	180.400617024134
21.8396716394149	25.6111292303741	72.3366652836955	26.4944069800678	894.394578944387	0.620979135920009	193.63767329933
17.752619951185	25.997037869645	120.531049813945	29.07745069152	1138.76798271529	0.66071957947249	187.100931767222
17.7926621598407	25.9177550263909	133.196873855127	27.2769909133862	1036.25820988602	0.683374274062001	179.440302637245
19.1012091003925	26.4467896821345	97.1978035309146	33.6959336678493	1058.19205494938	0.636556121262688	183.918570384982
16.8903584603239	25.6722544634589	159.132820638585	22.259223896905	1075.67349347902	0.739301819750731	174.176507826232
19.9549783683763	25.454749137799	91.4628466614667	22.4996700239659	977.216902633862	0.687608206693929	180.05089927544
19.8970563296553	25.6886245055761	98.1943182893862	28.0944237056964	984.796270399348	0.631632804448069	181.291250018408
19.4108001831023	26.0478138864472	134.322856208363	27.9726212040524	950.314377903147	0.648031082867194	187.138211273379
20.0628549782106	25.7597748542124	110.109546217695	27.7568932384477	976.33170077303	0.612564265848328	175.613039214377
18.5681119052912	25.7078671190862	111.785131774799	24.7629852181985	1047.45468379615	0.707403173171135	181.841371557267
20.0033940562829	25.7950431996819	72.6997490253678	28.7106034574357	1066.25398181842	0.603697647264544	194.662688431961
20.9423746014304	25.8436269814239	80.1245758854923	32.1665431438892	957.20826999864	0.56009306335534	174.697957036361
19.5455707260601	25.5839759834643	109.267289858044	25.0975838504126	978.260236987435	0.674833852716586	198.2559328797
19.7137268661261	25.66532496976	84.3431930253115	21.9916641320161	1039.36036466694	0.75642149809521	179.207504321638
18.5169862618901	25.8393541386721	104.709251528675	28.1847063559797	1112.8797303754	0.649868355901107	177.738517723779
19.5013323565352	26.0592426368037	87.5711270379279	29.4201535017607	1083.97304318841	0.635630345729783	172.281882403536
19.6039831313184	25.8105900750474	88.0570645510903	24.2457569116041	1067.25447902659	0.726286463767875	181.82457271913
17.9528293351772	25.8334110945851	119.897255832506	25.5410881562538	1108.33938673075	0.70274001368847	181.980215162332
19.0093078250569	25.9607411176364	96.1711160765916	25.3889535336348	1048.56960804874	0.765501679013448	182.76204290449
20.8425160617971	25.66359063734	86.0895944154079	26.5530573846838	924.035730205417	0.635447683994209	203.950978902172
18.7554367872084	25.8444273638358	95.7166302541219	27.7303717407192	1106.5231475727	0.667113196141562	191.098040747411
19.545865872784	25.5501354980285	91.8628798197059	25.1488753523784	1102.36464097915	0.600712873672944	186.78473714721
18.8659634619115	25.702828110249	92.806694068916	25.4459740125736	1131.01708224975	0.643523567072791	187.321109026971
17.148327893986	25.5580007250485	117.20329977679	20.5794581590864	1197.55968752244	0.767478146378933	184.413746328451
17.2713670300247	25.8005859121932	109.261758092608	27.4419775046117	1280.85347434633	0.661834419715424	187.878858580097
21.2160863832899	25.8034242734946	84.3401723789555	27.8943438296237	873.403626073284	0.63715025501228	181.928364459575
18.5325007653204	25.9002438160654	121.025024802363	29.7652058224896	1064.79949320157	0.621547985262738	179.083328423631
17.5822390104767	25.8433787205958	99.8537087740611	24.4773079785072	1230.60705931145	0.716373854158181	184.738876224064
19.4341745073154	25.7578702371522	101.875501634772	26.6413675115343	1023.66442627378	0.653091524618671	178.087948699727
20.6577694372746	25.401836186684	81.7554443657363	23.9259008377585	941.383390971806	0.645987641788851	192.423887201946
17.8463810793207	25.3907720878236	112.080165270815	25.0347978664058	1199.49213399063	0.623179122260214	180.464100429154
19.4108146300679	25.9588569747873	103.995904326479	25.0487536450781	973.200538173748	0.753514512098715	183.764997021431
17.6833587578172	25.6866194743429	107.355911338784	22.8748001230527	1112.51147458931	0.699669404876226	190.877551018899
16.3378022427073	25.8224473495602	127.758547160006	24.0150402940008	1279.76309557546	0.723532226360702	174.876836356145
19.6335055608444	25.6813752925925	110.572701997395	25.6276816466458	919.389316826724	0.671459496589461	182.824462074182
19.3010587780952	25.6799393510286	99.7726359464501	24.6598454827332	1036.64355294279	0.693567014512958	179.527559015894
19.0830464621393	25.7418802075046	98.6563730853966	23.7131222514601	1018.18725564304	0.712648183858859	171.946807106389
20.3968269271063	25.68977770225	98.6820622522825	30.0332579749832	960.032253229709	0.586370923391957	185.275300181186
17.2102823621207	25.7441119642656	112.862883399369	25.2753129982118	1291.43006408175	0.664212704712118	177.922231606986
20.7281444281943	25.570721460364	97.7272626313149	27.3984759260571	908.700592617466	0.601741270548439	191.947968384004
18.3694266535116	25.7620202310135	105.586990331504	26.7048820807551	1171.91839728651	0.667270728834656	182.056752293615
21.3309829932149	25.9596378575192	98.8512332338303	31.4920850907336	900.233060419925	0.620779279631966	180.75300815122
16.8424430665765	25.6901100819663	132.121933319749	23.6413304193348	1220.00358928584	0.722469932419529	194.876366938142
20.5967775313603	25.9021495412779	91.7275025187324	29.3675988538703	966.100552076753	0.639877482359609	174.059144233098
21.36703572063	25.8296357993814	76.9493766319278	30.3050510880139	901.28770795393	0.634228883979727	183.881783661882
21.2252315158653	26.1858600313335	84.4053788489512	37.9545868897299	951.375492022961	0.578082070217374	187.749512151359
18.6239336532366	25.5133741909769	98.6279724999701	24.3800844299744	1117.51869527682	0.674073234540048	185.673456942426
18.4543182730526	25.9510811415027	113.662531841769	31.2683014906491	1066.45457425788	0.597190819684662	192.95958316152
18.4949383757344	25.8165669177899	110.951187346798	24.1181279296139	1105.51507103348	0.73874678611531	183.804189615151
18.2673768654232	25.7059117510487	118.458948802823	27.0585938848205	1082.18090273576	0.635049637205668	186.291652894417
19.2737297266706	25.5973888396005	102.108874518936	25.8381427558649	1043.06505282866	0.661298959184086	172.300776654588
18.8836061654422	25.9055278070317	99.7270798525362	24.0831229464659	1112.47439989478	0.756423406992687	198.099430813591
17.578612235446	25.5802834349332	132.203552207095	22.2579993567517	1072.97916752784	0.727283018421316	174.941514532166
19.2601183344434	25.7043340181187	105.045366664592	25.2005708561369	998.298849831775	0.686301186625438	197.652418584128
17.5295033923716	25.85725721439	133.377908900484	28.7294479608297	1138.26213103645	0.647168224860073	173.74015821796
18.3025814721371	26.1379122953672	113.324122146097	30.2646244623543	1165.57533028306	0.642743238170463	183.47485147018
19.0399069625117	25.5580909764152	94.2694566192494	22.7938066621386	1094.74003224446	0.716035708115857	193.885318714405
18.2478660786354	25.9619986907618	105.407528996655	25.5338947085937	1124.74777453732	0.75574180544816	185.667904316485
16.3920595627385	25.4756181666631	127.782480092662	24.068477535412	1257.75319815437	0.663888377708925	193.958919052716
17.9254822181996	25.7244836702892	129.342872252069	26.1866714649226	1110.79134430082	0.643687062485921	183.622182662337
19.321118172203	25.7230394286431	112.271914866816	24.9835929307767	998.878967459837	0.710813686129994	191.885836363271
19.1663028795541	26.1264598565165	93.3189694071122	24.4904831867322	1047.18726128546	0.809187185368187	187.617242899544
19.3273589327684	25.8426341240344	96.3139795575653	26.4870835113005	1019.59091729302	0.670292329699462	183.517069066587
17.9955114523463	25.7812921772513	94.0749703817873	23.8760521678548	1234.44164526013	0.767870655742244	187.325690235118
19.900082187239	25.8189844466678	109.376227089361	28.9988648704344	918.93743150475	0.623513122120712	180.555996469914
18.3481820577276	25.5857421579056	103.757961775941	21.8214863926859	1129.19228011212	0.742813245620873	185.006318607526
17.1243100658266	25.8472726586458	118.45705985035	25.4385543283858	1154.49489205177	0.705325885743671	181.979153209391
18.5572399802679	25.6117696656154	100.413254855694	22.6264046652839	1057.66426016238	0.718227904842653	185.212496182745
18.7622824611199	25.5272190497789	114.563210606537	23.4187797127932	996.835825575523	0.678377051357887	183.826589102107
20.3431700545862	25.5548241281675	108.487451942365	28.6770217423678	959.777826203669	0.570956007620501	183.934523280217
19.1185075128267	25.6693778497967	96.9609205453225	22.8307231946217	1036.64373797204	0.753720961120071	173.156914272001
19.236635197037	25.9603464653593	104.868724741492	29.9365595741885	1064.16318888286	0.630790685945792	172.117787879384
19.1163110745743	25.7672200419514	96.6773685285252	26.6189459351556	1085.89162600092	0.630521315380044	181.369519571046
19.1300922560295	25.6448517403156	84.8446633193926	25.7694903132095	1087.94108338549	0.659815902106568	183.641038568423
17.4592713380347	25.641181293042	135.532285343881	27.0347111588469	1151.06819453785	0.62647819292993	186.625498623767
17.2784677388844	25.7709758010692	109.916695431585	26.2976465301333	1268.25397431443	0.678340462591106	184.300100764234
21.3410892645637	25.8388599740876	81.3419674982527	30.9615264078592	913.433507097843	0.591921582834597	183.141420188321
18.2598826051422	25.9692270137796	89.1228918552858	28.1948484939304	1187.86070622882	0.651952449711418	182.069210621128
18.5870126722644	25.6342370863201	117.016187632518	28.938955718211	1110.06961949748	0.583219550761903	189.344777041212
17.8853023781584	25.993378081875	111.297747263755	31.7941231080792	1193.82232088418	0.59383389135163	178.811073456767
19.9874080547941	25.5995494692502	104.412351411743	26.4891138574344	1001.72017083152	0.602486713614393	176.720992881949
18.2868045580919	25.8109768977276	116.795459524195	26.6762786792783	1058.06199536884	0.649650407625809	178.605612602263
16.4461220372071	25.5256979338704	141.649435204338	26.9404411681479	1306.13397174978	0.603659397244092	177.376760391449
20.7052172577822	25.6864942465187	98.4198896166199	26.5484351091458	923.927878048525	0.688419539432944	188.868226458642
19.306432536333	25.7852266191222	98.1501254532179	26.5874455005035	1042.0139315193	0.651573233332755	186.077251733063
17.4495262003833	25.7183258205195	126.845704972158	23.6454290267092	1150.42234682798	0.733080382326142	173.646946748974
16.8425229094921	25.7231060642651	111.575506229149	23.9937607852968	1342.30229101655	0.74434857437791	181.131125402566
17.016665823153	25.9006891348571	101.968407984842	25.2757358302597	1246.66372941951	0.714804896087759	181.632286650855
18.9106520731109	25.7656851711967	101.210901621401	25.6495218789627	1048.87652437335	0.692370922180163	197.498225655498
18.8830185584588	25.821160227143	103.987863401763	23.4438772484425	1091.27956002895	0.727499774139498	185.321605464806
15.8502684541052	26.1420424517619	125.685628872434	28.1447803867094	1372.91913911814	0.685918086597306	178.988260270265
19.8160440864364	25.711524235372	87.9772606608493	26.2255729048162	1003.09444536974	0.681563249726797	169.552754187372
19.0639435022027	26.0136601121703	126.707292199451	34.8924057009624	978.905753997265	0.552963687834966	177.099458014139
19.2292512228522	25.6439114747502	101.98773108415	24.6802385209125	1032.45130208171	0.704398147075623	184.245162604677
19.730844867845	25.908623959127	89.3855380035418	26.8699465215925	1070.42162300662	0.652620038677128	182.753593261479
18.3389026520277	25.6713493254338	116.462244740132	26.8568659581489	1116.58600513689	0.630594015787991	187.227873006111
18.2933842794492	25.6124476190442	131.748216706012	22.6675711116552	980.691051670686	0.738013492010994	177.109553925008
19.2062981840828	25.6658491391808	95.8683202527837	25.0044265138419	1025.13750518384	0.691417862808969	188.180677363167
18.0740473200922	25.6644753517224	121.46727736916	24.0512074150689	1017.19504261006	0.715216330693975	182.266175778309
18.2368461744293	25.8265840729032	114.054227644504	25.502976349351	1113.81459205036	0.681393637527304	179.918066892652
18.8008662861712	25.5951472039326	96.2777687032416	23.2658732226095	1094.31919101276	0.711312276205588	203.634786196327
18.3115367885348	25.575668229666	100.433903336672	24.3037980468363	1179.17272978561	0.701136832401993	181.363801966406
19.4622469515373	25.8131539428129	84.27566186664	26.2717571357569	1092.76224157255	0.669390883528317	182.439375025199
17.8671519763672	25.6643726934118	93.3724026923816	22.6790669968826	1203.26053836773	0.705177888195534	194.794900814002
19.0912309348636	25.4764766354657	89.0802763043549	20.1078129168373	1117.05754631041	0.774700187127457	187.617551872605
15.7885393581545	26.035772197631	111.309175454913	29.73687822885	1449.24221299847	0.658408582544337	180.657731183647
17.8896912908779	25.8934997482449	102.201076654867	24.8240976367615	1184.93440416	0.743952683719453	184.573283441098
18.6163404036996	25.7374311208431	103.59600607769	25.4899977046246	1029.32733190843	0.722579803752054	179.929679264348
18.1237922898461	25.7367933322318	110.68343409564	25.7494494202198	1138.29484127368	0.689597409385129	187.487107632528
19.1826104307158	25.6705976920428	102.542092574197	26.1650810171419	1011.72434871768	0.671112455029441	176.586681117981
19.0845197388095	25.6139808847071	117.319169966401	25.5128711809472	1035.29215759773	0.672300013176264	178.821547796361
15.7508792996086	25.7084553580894	126.422613215608	20.7304719736315	1317.80973228882	0.86988818078364	179.368652976934
20.0099055399727	25.7144211552815	90.4629493710574	26.2251812648466	1013.80905948979	0.68097451342751	190.317827504571
19.1961443745334	25.8706147907904	104.107674960214	26.9547167956097	1023.8962659763	0.66348734951162	190.541043286326
18.0613970215672	25.8545879202322	108.994589814517	25.2361433404645	1172.55559678879	0.728265396873897	184.025584863049
16.1209463400132	25.9106719697695	133.379414933428	28.393025758933	1370.71294918134	0.644061596468311	176.812996061791
16.4703187854552	25.7983904538347	123.700891493928	26.601397696387	1320.39846050661	0.657789810277171	183.902607801747
19.954191057648	25.6635269526466	91.2367871240479	25.7052341027162	978.934998189295	0.650336200447319	182.271296981644
18.7782368893047	25.601503683181	99.4012485323542	24.3014967670197	1122.63762378394	0.669840757865135	184.508060524507
19.2412561282078	25.8741179022597	110.76750405442	25.4485237886904	1015.28147376874	0.684479947212736	187.547760775953
19.2554754925206	25.7813899110298	93.2362334251554	26.2667003899496	1055.81094539004	0.690096732345418	189.143699972094
19.8021848052686	25.5839154638538	101.42171803898	26.2779847785153	1005.26154803549	0.622605016524628	179.292349158654
19.1265945395046	25.9525786983976	105.697438602872	28.2888378950239	1005.13375833465	0.683174577477837	187.65333914935
17.4646956340138	26.0232920717699	110.881531126761	30.5237921348526	1192.72863105028	0.638122521803094	179.802229703472
18.5393413896858	25.9675278270248	119.616141896575	28.0066200578365	1020.61143044406	0.676715972351189	191.849834819536
20.3421270577374	25.9907010272316	92.467317507799	28.481110973394	959.815807412445	0.664571449789039	187.303575882432
21.2685830015565	25.6256427575485	83.2552685294269	26.5632859811308	903.821857844945	0.640957107162705	176.159076953855
18.2139663608363	25.954040644593	108.776011662149	29.7420575364926	1139.98606433662	0.63049322526358	177.011732422568
19.9913315138777	25.7569240270137	98.3342802871291	28.718759277188	964.885101687146	0.607001446065334	183.823870718143
18.4847882937873	25.9756041848828	112.611067474962	32.3461551705536	1081.28108004896	0.608125019936555	176.350605123357
18.5464114598115	25.9489741841962	121.26686685791	24.9188161136936	1001.02897487177	0.709414429067014	170.119564494155
19.7192626093751	26.2148638141952	98.7630256108171	31.7956335528057	1009.4949014237	0.633673875257456	178.854873112196
19.9680289930727	25.6304421561092	109.809359615081	25.7638069807944	939.725099951355	0.662586069452244	178.859414260054
16.9574110161352	25.6649861223201	126.173559992533	24.7975513619128	1188.62475653343	0.679276575096477	179.305785554987
19.0861074713493	25.5655109968143	86.4316568509009	23.8041647470057	1140.73611590444	0.674227127102935	193.804046545933
17.1927765170669	25.5830225566203	116.007731971461	20.8567540129325	1208.4981996975	0.790767374905446	181.749979687841
18.1025095065969	25.8767612687283	129.233525838161	29.5223752332123	1080.26988708076	0.642537411633052	175.323665427721
21.4483490905998	25.9942457966382	66.2428683691801	24.7132716948526	860.649950445969	0.775280195975374	185.543689065913
18.4599557770212	25.5444679076538	91.0746170809129	24.285460891068	1138.76020007659	0.662542787818107	182.746101612449
17.8852341705322	25.6160240614599	96.8443173948518	22.1986527358733	1253.70805881521	0.724984988028018	179.988065439647
19.7497999560606	25.8387087097747	110.329251247707	24.9442377049046	952.612115903363	0.676612694397573	174.472257739743
19.6773628868665	26.0335341645448	92.7142341239806	31.5378817395947	1049.76956210473	0.613278411459616	174.221445583621
18.5674828315732	25.7649199679563	111.22277876229	27.3080026509044	1099.8511076956	0.660806105034703	184.440595438063
17.8353059499223	25.6802684833843	122.823364535799	25.7922106323594	1071.13657697786	0.660645047006719	173.319876540885
15.4585667551876	25.647917029333	146.883626079524	23.6489801055159	1300.80032618766	0.718986172281601	177.288110421823
19.7596845823414	25.600288237972	122.996730446789	23.769260253122	891.400899391953	0.707757742712773	174.062917681134
17.6092406180958	25.6507660267983	127.723424552697	24.9576883774808	1198.09548308909	0.652953771947179	189.046145536204
19.6234322781763	25.8512754194419	110.409868604197	30.8058900444383	999.680449259347	0.589537657670461	181.693557063327
17.8973370423117	25.6532907775023	109.619123977563	25.2089408114424	1143.72861840738	0.652567563303143	184.113686603757
18.1724630266972	25.7694558638677	113.317145708389	23.0988706353573	1006.69273205574	0.789050631364045	182.93287548762
17.4903351097607	25.6786930862163	103.398255846817	23.2060507760767	1263.47296641325	0.664983888043821	180.211529210698
17.969471161879	25.6336187971859	114.760997938677	25.8189512522833	1141.80090156234	0.640368451618103	184.726360451227
19.0986087363008	25.7956637326863	86.7879903675212	25.434571603019	1047.23020301327	0.715875489433248	185.751246136964
16.8814991622301	25.7242296486181	114.072799740117	22.1053570240589	1266.33504913476	0.775163377592142	177.491042297832
19.8424512698987	25.6924169299656	110.262399922618	25.081722697775	967.81519637413	0.69088781497193	189.970793843152
20.1948987473146	25.7752306010034	88.798346171371	31.8848992850839	959.012221336231	0.552998906730502	190.010295849516
18.8196682586279	25.8225422890958	106.368009269031	26.2982393950215	1037.65012773345	0.674644156794532	185.119255730294
18.0223152171372	25.6804877080391	158.169745631742	25.7296064206488	980.408813306499	0.676030484755859	183.034078261167
16.2514999592005	25.4701046848913	127.759668042434	21.3357432523499	1303.58921937936	0.746218530785571	180.223848423357
17.2222262521706	25.6399021200856	113.954088048726	23.2075579999686	1258.42295858638	0.713400357801216	170.539284837405
14.1824177578805	25.82346256882	137.690860935588	26.3822152082164	1733.43320260384	0.689944495382254	178.312202489211
19.0369019960389	25.8384301101507	99.5090467686017	27.7944357333675	1066.10800018098	0.660869711279192	174.069885004852
18.814517823558	25.8639581071412	114.729630034979	28.9795291181746	1095.65079372742	0.6198652464227	181.162660401437
20.045368372499	26.0001833096961	86.4246933025019	28.1401052546934	994.377261889189	0.670407528927177	185.854226403877
18.4050763238053	25.6488226151689	126.559047117342	24.4390720342824	1058.30779294351	0.712823558134831	168.531034793167
16.2791811254942	25.4717358806932	148.267603543407	21.5269041072237	1239.54929763484	0.725259273143493	177.620496501775
18.8184257770293	25.960304440368	128.329995081916	30.1221450756865	1053.35677655567	0.594228070163117	168.17112328942
18.6748103948375	25.8847370301197	111.284767279104	28.6976468497834	1085.06131845019	0.620071887912066	180.79024851973
17.5882274347926	25.5755132204561	100.784351997919	22.8936646667565	1206.92309872694	0.700556352990472	194.673782499179
19.635461292957	25.8240099575756	107.933136576841	27.1295828222983	982.981870851342	0.646483644024312	178.69788199298
18.1085977360842	25.480087248088	100.779966640346	25.4270388278508	1245.80688043301	0.610339156337723	190.407070818047
18.6369915527863	25.8881289003188	112.198086292123	27.4555285512813	1037.54813702933	0.649927170539487	166.077649597872
18.5706436737707	26.1331450555747	102.889486430309	26.4082104020412	1102.54428466566	0.702381721309039	189.71040857113
19.9299539345095	25.7385229002026	89.6267662605114	21.9782390211269	940.492841553434	0.819332738850172	184.300977409202
20.2866276232698	25.6056210943082	97.112021408797	25.3146929930217	929.852866366003	0.689568580218872	188.666252209197
19.8837635797675	25.9114949340897	99.1339324577501	32.5097395937934	993.851709930321	0.599771149762098	187.566272006209
16.594801271449	26.1157123773466	132.812617515659	28.8572114116086	1184.47406878844	0.660264407832096	184.657585748421
18.7341387277555	25.8319078493682	98.574672530316	25.3985802410743	1098.14136290888	0.703740649501863	183.168353748471
19.5674797972715	25.5978414537086	97.3025607863678	25.4858851316273	1049.34066360723	0.665690278655194	187.469599090359
19.9488915481848	26.0644949110052	90.1724493737806	33.1663401290217	990.54496263949	0.59725178091427	185.491788778278
18.330004713766	25.6803742274595	111.8958799655	22.6170122503358	1103.15680734347	0.733926135953928	163.874511053953
18.631286787966	25.8968420082548	101.283398562383	27.3577996765272	1072.98390296962	0.665000612061579	187.07770962664
17.9930867652324	25.7519484984735	102.646814211852	25.404655043701	1140.2792814	0.695971658937657	179.898290591539
20.9488262804592	25.8012117808456	76.8645733667338	27.8457860868598	937.926395749084	0.656319705306336	185.627124103289
17.9942091103107	25.9938250291708	116.205972582008	22.6296215697301	1021.51656860019	0.877617852403367	184.832127101994
15.7501106821689	25.7428032622027	127.080632429864	23.2501923715847	1441.70949372886	0.750469412573973	178.026498787084
18.2287187048615	25.8037080814359	104.698559381152	26.0630825514219	1080.37884911366	0.659774353891477	184.433073678243
20.1108413718075	25.8961763457539	86.6342513599858	29.0725429002863	985.280909699257	0.676690796021531	188.976762697382
18.820114798441	25.9509163827241	104.71131171688	29.1007928124043	1097.49471131467	0.631324461715816	177.669086372303
20.2102606347368	25.5917790086335	91.6046508764054	25.5901076357729	952.467472621	0.622184717852695	180.178954759593
19.7997984777163	26.0310330580145	110.466035796491	33.8506256796318	934.513366882666	0.579987653287161	187.029230772962
18.6972200042402	25.6150902758186	99.2347369402909	28.5040159425403	1155.90041389486	0.566363448078118	192.809243272143
19.2686389104759	25.5013929579073	111.214250326897	25.8682709948289	1011.29865443479	0.648595631266813	174.974301275637
19.3158164986814	25.8495319398472	110.172053836058	33.0718173965422	1050.02319865925	0.567473617584971	179.740891126643
19.1154702174723	25.7002393883116	108.299912394366	25.8893696492913	986.52130191407	0.656432386106491	184.883896879497
19.6371098194448	25.5593432842852	96.7050297345024	25.2609190542689	1026.39151417117	0.654028012353382	188.453244856355
18.402003896068	25.7131539621323	105.412996476427	28.672949355089	1092.26217510168	0.602365278065014	185.432288403125
19.0324043054077	25.7327686578646	115.639674744591	26.4613460057354	1040.78033135234	0.660514290064148	183.918200980169
18.665739420226	25.5521671744531	93.5053413675457	23.3319061541667	1119.95493513396	0.696844483664112	176.489717944201
18.0629055361857	25.7192946209378	113.675437006058	24.5802467919602	1111.10157628822	0.693134793191737	176.731194230679
21.4721378283425	25.5253128709626	82.5533027520525	23.3340996449253	880.384562947721	0.652740220533515	185.314693668475
19.5982286762159	25.7081891865961	91.6566794836898	24.2971456062067	1006.23542899452	0.702431564447553	169.840545526236
18.2071137044825	26.0061071028335	127.309278193089	24.8359097003912	1105.99031156612	0.749788920795514	194.632458406256
17.5110931102577	25.5534929995078	126.140170643924	26.5700638480145	1158.88926478892	0.619800955164012	187.207282536684
18.7141905073835	25.7737494077471	99.9756187745532	28.9812042854512	1085.15962967979	0.611918832306748	188.552708482895
20.0486009784178	25.6330352977108	90.9552730375633	22.3915441944356	934.453056315836	0.743441452901449	180.862511825191
20.6241172004702	25.4816557890745	102.471393532308	26.3436345314283	930.59342708943	0.62716404205164	186.087998501082
21.1167741316248	25.5280945469451	71.5430363390097	25.4542842764338	937.584397132924	0.633600364787804	187.430934672875
16.2223775366832	25.5530531228187	138.00851325241	23.1425600888294	1227.05515064036	0.709358655973717	172.99027961686
18.1990556023171	25.7186954492569	104.092981960245	23.2226870617877	1165.73869610448	0.756493367894315	184.355641176757
19.7491227245738	25.606796992629	95.1863382636673	24.0580154031757	977.295444825681	0.679526266570936	192.387884562215
18.3849042776108	25.6188805826612	111.342380311991	27.2613488696755	1106.93270281292	0.638839044312947	188.907941641532
18.8597333812571	25.6392039540415	121.599976733276	21.9443021754474	970.166410121988	0.754674399065982	185.799245598353
17.6509507886269	26.0507055106913	106.193382946767	29.8592061632817	1238.66146863494	0.676688847517616	175.406278255653
18.7606107230828	25.766531338159	111.005010699925	27.6614806837946	1154.67223253729	0.61364266073157	170.266734401562
18.7476304637218	25.749031632316	91.246185120181	25.8361546870033	1138.19559995483	0.67494387997256	182.648002238512
17.3742639026939	25.8299098345117	133.101167844244	28.8280016728994	1228.86376621743	0.607243093205422	183.314705997964
18.1527680347138	25.6929661534024	127.920695485006	25.3647380609093	1035.57987193608	0.682876687094096	172.441115283381
19.6500918099089	25.9354505304971	101.684787636626	27.9402171418325	1005.19230647469	0.647697342861945	177.115222862946
20.0257642412875	25.5215302926404	103.129612228807	21.7544907013294	921.645205104758	0.779669693002815	188.18292353943
19.202586635176	25.8607318269468	109.893122679115	24.8231079514594	993.594867036733	0.723898473343952	182.307505875919
20.6800836047265	25.7381592766076	85.059798006354	26.2382132789889	980.686309579574	0.654989066523097	190.942320139727
20.5773947899951	25.6298092129761	85.1727334635023	22.1188822853966	979.915078942206	0.724937812645168	178.596266062331
19.8226594291708	25.4548910822995	95.5484058080379	22.5355529320178	963.23815966487	0.69038458610564	178.425834057169
19.0144615962099	25.7643301231821	105.21914417206	26.5784152959518	1064.99778159137	0.650982187358286	187.393262916541
19.3678843872203	25.7410784191978	97.9203066923327	28.389616849271	1043.99408104837	0.622543193601903	175.007945078752
19.8791501617906	25.6710696821871	90.4065898135682	27.4786873047197	989.693378565484	0.633345449043188	193.143989167497
20.8671749369478	25.6691737544725	81.2648706903034	29.7258709932189	894.184718524542	0.623934286537885	193.973194597368
21.0267398301529	25.7149310799992	89.0194122972351	25.6220846466023	921.045073549028	0.669396905160041	184.182197112626
19.772411096375	25.8970422119179	87.0715141496857	28.5712863315612	1051.83398223694	0.61692153945264	187.829369272657
19.6491331948285	25.7062333785237	118.894450731311	24.4026719552718	942.742248318182	0.71083643845867	191.911362280723
19.604491530225	25.7921481950552	129.081190284246	27.0373874381204	971.242200035728	0.652729398933643	189.969678516023
20.7468400430707	25.7841113799021	75.1813428171889	28.5911938386541	944.216569944448	0.644668355339416	182.570514788424
19.2205681952082	25.6425191081474	90.3181634814249	23.993770045589	1003.91851022176	0.735166836192631	179.668211696086
19.7905206290119	25.461534262486	97.3941733287883	23.9530548683352	957.946229724005	0.664789645063114	189.790737260061
17.6211240988287	25.6373165768363	131.421254489896	21.9632324530692	1097.61828115629	0.751495150189881	169.388820808346
18.1929712381177	25.8000423400557	130.123885058039	26.7611807790862	1070.43769609183	0.678791087304501	184.255463876866
18.969590835505	25.6822683908274	103.960714225756	26.3876142807489	1028.9199905097	0.653788197247475	184.955870413914
20.1258234969757	25.8264844181977	86.5946905398862	25.4339360652606	1040.557764479	0.703217053646498	181.486343342739
18.6250069634052	25.8966278340958	109.162947329048	24.0834322923397	1078.65168701137	0.754093388782567	181.944046672983
20.1462730352214	25.7897820384305	94.6373488022369	29.00757903594	999.520924376167	0.646634199870849	196.823371091805
19.0803200338723	25.8722401179684	93.1545289197951	31.7832617562403	1056.50087589403	0.574917134788313	198.642045389165
18.6957542803065	25.6592413827393	122.922887084568	27.2929282904965	1081.37092453853	0.632606639309918	181.646879303453
15.914237587026	26.0402182331604	150.558695496365	25.8303769344348	1235.77420544287	0.73562361136283	182.906587224141
16.9722677148457	25.6188543733489	138.001383609208	20.5498475641235	1051.79496665739	0.791097848023908	194.371866513408
20.9224685111103	25.7902955724978	81.4453965141741	28.1430056660296	912.393550342286	0.668104463417392	180.373072527293
18.1079208891707	25.6825903922417	119.11009665318	26.0272185805956	1091.94322557072	0.65611104427888	189.339756752655
20.7522040765121	26.002131955396	84.1145067184984	30.4301695761881	961.536313615006	0.649923985107538	183.026997883658
20.6056460646877	25.5315339853078	79.8528334354416	25.5576218010336	944.278230646944	0.65344084212438	183.858606817861
18.503265931229	25.5961440927728	127.042771655185	28.058097626514	1042.11201128651	0.625636873814885	183.835796428554
19.7811534845497	25.6396445521077	77.8803894994265	25.8217273232273	1033.75715063375	0.651098073087543	187.745809824327
17.3996788151484	25.7477692564169	125.647732570672	24.770278180337	1200.54692133804	0.697308133126494	178.296356631386
18.022326496542	25.538254103666	118.940594979968	25.3554031924093	1105.42772159488	0.667911152272565	188.4339623598
17.3429861256519	25.7585825845481	135.649605149916	26.3198826187435	1111.61608082689	0.636076466672768	185.15112951026
17.9100474106939	25.6931351348831	103.536207389633	23.2990177827141	1146.15033178391	0.732835582008282	175.333389466216
18.3960480593849	25.6423623769649	142.983581344791	24.1658202400009	1013.1874936803	0.664122111939088	178.427359382553
19.0361238351927	25.7472063122781	111.297299771872	24.4763850189027	990.492125339321	0.745430448531688	181.44116255415
17.9960700896505	25.6205079934049	119.738054705301	26.0963336214357	1143.68244424283	0.614773900903746	182.046887748254
17.5650411356612	25.961734651911	97.9297268713786	30.4552522411968	1348.16098343306	0.620686374340431	186.948531278381
19.9892308902171	25.8826195446948	80.2750974037672	27.5288171535048	983.693064918135	0.662748870204677	191.917869378454
17.2693613336902	25.6972848937333	145.51826166025	26.8467878870879	1120.96726815742	0.64693655494624	176.144377414609
20.3466942720114	25.3912409282661	93.3515197038411	22.3042094370534	884.511075890963	0.714522816118643	179.02857980198
17.6849661881547	25.7177989668879	109.922686560204	24.552313367331	1188.72442250253	0.699443640855822	180.054079741338
20.4222572965083	25.6369669610651	88.5249755834235	26.3050532116478	984.437602827383	0.643350325710159	172.482169942679
16.8721033405677	25.6497141642012	129.956883565385	26.7270873371926	1224.21101571563	0.614936380354575	180.459338209107
19.4405296076801	25.5538119747046	95.3515882582523	23.1958535782258	974.386229657429	0.691624112842922	186.626098054022
18.3561636709764	26.0491958964753	114.371192446859	30.3482619370815	1107.53383960709	0.640529699798411	188.906383601408
19.0146994713964	25.8195862303238	117.052850539479	26.4732769416433	1015.41253829474	0.694237971309664	183.860638664665
18.9316274494691	25.512748902504	105.449191005928	24.8894303287542	1063.85445450151	0.665521774300653	180.72746286719
17.0719858927907	25.6634946629378	140.28485175081	22.5117216928065	1080.03912643969	0.736147474529098	179.338130525267
20.4511742135941	25.8132419487461	99.6932920796562	26.8415473261276	922.74212377038	0.665447472457289	172.128748021752
16.7748406602288	25.738303479795	120.610882907618	25.0801725263507	1267.3667559282	0.679850551105578	190.177953831259
17.8798587980672	25.5579494079012	121.622193359379	23.0149682672625	1079.94764041254	0.706292483483679	178.662912805206
18.8527550171369	25.8750013937539	111.0746204962	26.9408275246782	1075.15904732431	0.642939133695911	175.089694656023
18.8062513507773	25.7238172795281	108.4970008957	24.7846168816314	1029.38032643037	0.690699501110935	186.372423599865
19.1926325203511	25.7876183212666	110.336287809857	29.4610030202277	1033.40869363737	0.619854866437072	191.221012781515
20.1609824472483	25.7414847642264	110.376475027483	25.8746257636427	975.69992129089	0.649923093794026	185.767868592874
17.9897904292493	25.9599790913588	124.210705469904	29.3653122504817	1099.87559659804	0.657177801275998	181.481356807902
17.3524720775892	25.67528231942	143.148892280925	26.1430108691409	1104.64995074319	0.642724041187736	181.081174608748
20.7381668112237	25.8251818327385	76.1473654368919	28.4899425909021	989.810702874757	0.648792607211143	192.686893506025
18.7051648498739	26.2454607257596	93.6379764497635	28.0172259864169	1037.71074730786	0.792974310124286	177.826723680104
19.9380072801958	25.8513618970115	110.864041412913	26.7158307681832	930.429331727198	0.691853136891407	179.665997189751
18.5826386702344	25.767264640807	112.476753633753	24.1812646975239	1069.69998601704	0.713784772687127	184.174157547712
18.4517744214041	25.5261580291864	117.923542481435	23.0665537182775	1023.94622516178	0.691070380159414	179.45194430711
18.9591027499591	25.8377084447729	112.047459528916	28.572324868723	1054.50805014083	0.639160997101299	174.467427157237
18.7799427391775	25.7723270463537	104.524289645058	27.5409694466769	1047.57603728974	0.625813879483966	177.443385282148
18.4391165918922	25.6533202400443	104.392305892181	26.4652340504591	1168.04421981761	0.643143025354979	186.997278085654
20.6034507717353	25.797305813477	89.3643143126114	29.9583524939425	970.035942258235	0.570690178589421	185.814103481113
19.6990143901083	25.5881440306761	97.0698870826675	26.5546691611735	976.101907789706	0.597702546340082	179.237388126184
18.987102465518	25.999726226436	120.341264690876	27.4580734626275	1002.97557949273	0.688852466298157	188.137295954952
20.1367537299648	25.8627991602988	101.632221509635	23.3612852196238	929.996005116394	0.748462798465529	194.355077977936
19.2094758254635	25.6834512661826	109.885974139714	23.6721409730394	993.08447934109	0.701145059117024	163.674033232174
19.350589558848	25.4719875115583	97.1804248629224	26.513661652856	1084.18304919097	0.573455609852947	189.407077123484
19.4863390880976	25.7256734646634	99.8007197965712	23.4028643252899	934.638807758376	0.744383217012105	184.129240091098
15.116233380403	25.6698612739657	150.332663034342	25.4450162302614	1359.03804965887	0.668995687860171	182.951422486015
19.1644917296332	25.7753580235124	99.2978489533406	25.5055172522737	1058.44435368847	0.686897728896521	190.172933355905
17.102452825473	25.6208048106234	119.199083193675	26.3917920398695	1227.03685347456	0.635483845229186	186.58718840646
17.1498565109675	25.6528223637943	138.286432378926	25.1150061209097	1194.82081438138	0.667685626683052	181.91167860319
16.5482551619948	25.9177063340256	122.22132625544	28.9826356078367	1303.31246591551	0.624952173830012	171.872509257633
17.9439886456918	25.7812558239013	115.555535268474	20.9397099132925	1053.18407082977	0.865525831466394	184.257754973669
19.3359749998374	25.8609966392019	87.9988267877151	28.8041509238628	1052.05878266234	0.647225058446368	180.010222662948
19.7493621838173	25.6126695503383	82.6087762658212	26.3967135699762	1076.43145437062	0.625865826243721	181.528571705057
19.7745813656923	25.6611267698158	98.0571919871544	26.6201311408274	1055.48638134232	0.648407683275804	184.333808395415
19.7330827019275	25.5633837611179	80.8869818467365	23.0620720702713	1067.56512742109	0.719508697629654	194.560164629168
18.0359461691895	25.5970043059594	125.008302158187	23.6853107069605	1077.29527848686	0.671126012775303	186.609897913534
15.9505153288324	25.6805271789344	152.954387614618	23.8365734002469	1231.74482985604	0.691234974970295	165.365249943874
19.4388607306534	25.50195814644	88.2804204125757	23.5296906898877	1043.64387741569	0.67211047851144	176.788006979973
17.8489119315589	25.8276015109764	122.587358102489	27.3743187150856	1128.15109393902	0.637681079047017	188.81007191213
18.5747452788329	25.6806335491372	96.0504585171548	23.2823054307993	1082.43046987339	0.719828911989878	188.411182146744
18.7373052070634	25.6363025555431	116.530382448685	27.1620539010095	1056.4806237212	0.623465562306055	166.817434522916
18.5478451055081	25.8009967845332	105.379489226725	24.0556378841772	1081.43034060897	0.693055429935202	186.593292190645
17.9342127204166	26.1450474889328	103.267176395761	25.3244670827479	1130.58155653708	0.811512927778733	195.395186199729
17.8790421792445	25.7175634405272	112.210216715547	26.6291207227955	1094.72850488343	0.661922771156297	184.028528328938
18.8405136284782	25.8326247538002	96.0886610990226	30.4768452740124	1138.07275258608	0.570458015293003	183.292914981374
17.4135255128013	25.8602814053091	116.839903556963	25.7261115300695	1219.18008112132	0.717991369720778	191.838288655419
18.1057633828747	26.0687310921467	102.31250145389	28.9180140385599	1196.09914794507	0.677859466443196	175.829809004694
19.7371070096701	26.0532892591983	94.2420353842311	29.6982629501275	1023.3331147669	0.631860246463802	181.527947764456
17.1234098356709	25.7265377236341	139.363244831556	26.9913780129265	1168.97019300034	0.643514422081504	178.5890911842
18.6549997999308	26.0046974267054	105.912367826408	24.7615699958583	1056.87271182162	0.791986895864005	185.461894804119
18.3005664551066	25.8609841238556	122.464608767208	28.7756031824747	1163.44859101289	0.635264931934755	184.063138190765
18.4185920406541	25.4886604595694	103.520200694845	24.8734071055707	1144.02344065804	0.643728876423228	187.64995720258
20.6994996897999	25.716747316135	89.4433694998965	25.1462263910692	898.777009761842	0.721599114922801	179.17599151594
20.3205964644573	25.6760610716032	94.2537381100469	27.400147006724	891.591585327161	0.639589922881302	190.272481910449
17.1931660712641	26.0116519624164	127.158826356247	23.2167351725573	1180.13626378364	0.843178260044602	183.567661740823
18.9383843689606	25.7282550559504	130.669653053455	25.0575796115398	983.820085520372	0.688315010069228	171.35979217808
16.6976782982518	25.8243235017446	120.190570998167	27.0489519449843	1335.43463576962	0.684429569387169	183.637368931558
17.8570753826366	25.8324481646052	140.278294037258	25.2045022307689	1030.57163274075	0.721271524052865	178.568135683055
20.5227703728706	25.6983607781447	94.5945240467479	26.8803929444078	917.397529599082	0.639209322465544	193.814522609407
19.8144692847726	25.669372276247	94.7956204818528	23.4556354491508	949.360801845893	0.708763360652502	168.222646028885
20.7625670361085	25.7955454063824	99.1541928521173	28.5243265609615	902.543060930234	0.647992531592763	173.180901962309
19.784334515635	25.508104610825	93.6384092473021	24.2568583284075	986.092238932617	0.648616559730612	194.225855764084
20.422436396384	25.7087441289878	97.9571233508296	25.9649081245674	882.512399537809	0.67355474890986	183.983561685221
20.5242297946001	25.5590863379029	93.9517425208634	26.5571441296194	970.582167920442	0.632506883101262	178.110130025858
15.6789070787616	25.6276547325906	167.762569416635	24.2105138612925	1214.72296446774	0.689964602292098	186.743798351853
20.1614583989252	25.7849560047303	78.0041516303678	26.226058726511	1019.96844684047	0.643322524461966	172.119552329846
19.4158106213051	25.5878004169167	138.372651096889	26.0553585873826	956.365372225598	0.618674246460645	181.700261107081
17.9725285272645	25.9173012573801	104.621887624868	25.2047846059865	1095.44655853469	0.735033514752713	187.923188988983
17.7759843859043	26.0622846117111	106.694238976868	28.9827237751398	1159.6607359789	0.673247346589949	172.829705723419
19.0331008038821	26.145219458684	94.2006828754698	27.7633794559927	1049.09154947927	0.69245515779922	169.03579063895
19.1217707141034	25.8595670468355	100.201871530507	24.9258063881391	1046.48255636978	0.676980864493842	166.454387223278
17.167107794965	25.8137445720317	123.562031532174	26.8119169564075	1250.24097486955	0.653439274718457	187.694114992081
19.8631050328977	25.6561410641877	85.8718813848482	25.170131394122	1021.5269425286	0.61107241216726	177.317469051723
16.202357254353	25.5324738954903	141.674389969652	22.250652724128	1244.46767605474	0.721251240746636	178.763609728424
18.6870349166583	25.91570676899	119.503576405432	30.6416100323367	1027.30281849161	0.603468069681697	182.284197590348
20.0161094995884	25.620628139146	106.532385594196	25.5056095321148	869.993462828441	0.671287360006751	175.671769379071
20.343185572586	25.8031978788515	105.2184508066	28.1071156618574	891.76418087099	0.634918799657695	172.228148119407
17.6689827904072	25.6003121692468	119.487408770689	21.8680284054216	1140.71341489798	0.716691733553761	174.384949247688
18.5682545507087	25.7184376144348	106.6970797651	27.697081489091	1109.64257702747	0.616435240958127	174.597709317248
18.7655843788284	25.8923644342094	115.072190066059	31.1606664913919	1051.62504716395	0.57663485389356	178.918333800427
16.3229167745848	25.6815760171593	123.2297148085	25.7213436002068	1308.91014918786	0.688599406993251	182.137262583462
20.898767833375	25.7269421445666	101.709120449913	27.4062283333523	875.809844339981	0.67924701499393	185.154500961533
15.2847725639757	26.2150230169002	141.134385708147	26.1298773982812	1333.72874776772	0.812172630795912	191.492738849092
19.3696256825877	25.8797759980187	99.2812499581306	29.2444421555741	1038.57379018607	0.607896083009133	192.149088737255
18.2963658655687	25.7471673269411	127.886102121727	27.3003789114154	1023.4999289566	0.640522199816502	179.685680664646
20.5652059384314	25.7101080586396	71.636095683024	22.3682419868394	950.883497845838	0.793618772135515	189.627374532272
19.6590231213452	25.8068869179942	103.784754509848	27.2146130032061	1011.71159866534	0.661600921707779	181.805219845945
19.5971899902075	25.675898410389	92.280782649175	25.6192239378294	1030.48828392818	0.697116586499129	180.425200038694
17.4614601387983	26.058367290646	126.066937723618	30.3653266452629	1262.26451733468	0.608402088388511	179.760008167636
17.809974808266	25.6889633915526	97.5738693660961	25.37631156473	1249.54420796855	0.660936881876079	178.667515603178
18.0940170182393	25.9532768678294	113.477275920123	25.1048711460033	1095.4230953457	0.749311896964102	185.566800479696
17.7836885116089	25.7809468524099	101.562469533789	22.2673601426962	1167.25717479725	0.815190095736584	167.322377314635
18.5906127364635	25.892583070634	118.683829543789	34.1435463682433	1094.94616346065	0.538859332682961	163.205286471574
18.4949673605628	25.9493493746665	116.438457865288	31.3594926490817	1113.82580309429	0.608882837321567	176.104964567331
15.8662802059943	25.63174195855	139.6023284077	21.214945358	1272.51366695662	0.809140781799011	181.301146937376
18.9463333818055	25.7629617289088	124.112185902337	24.646474161463	1001.94633310012	0.718893262040153	198.941469640904
18.1991390041734	25.5475832124172	122.676853017741	23.6688335414702	1059.66177010235	0.689182767122074	186.316595985655
18.555517094002	25.8620939289938	109.948511990553	24.7474822174434	1105.4061488453	0.712583069443243	176.021825371643
20.0620937579603	25.8715885792977	100.170358987178	30.9985883498193	974.256196178768	0.575251081834642	193.270586089137
19.088159389241	25.6605508043526	104.147325986108	28.5078354065509	1074.80713486915	0.596204663702609	179.956270400561
18.185813795384	25.8425483516126	122.9731865244	27.0437412952035	1066.82793669847	0.660965459558531	177.539514913752
19.6606455583487	25.7601444345513	95.344199614618	27.1993774950842	1010.19815041831	0.632450526090824	177.021915522148
18.1788478780336	25.7136104209729	105.253829363452	22.3624403114229	1132.32544014302	0.779197880552375	179.890569799844
18.8086788280322	25.9437801192841	107.06184744619	26.512598968993	1049.08076020099	0.721339424789936	172.236299203001
19.7020035042997	25.8424844701687	92.2652081662102	26.6292633565726	1040.16582254587	0.654939435755207	171.802556111914
18.9326681810228	25.7664580997395	105.159265468315	23.5617338105966	961.372504868665	0.756222055938673	177.104365897155
20.9332455153044	25.7040601677982	91.2540390792333	27.4520697048554	937.165985870821	0.645771373278561	180.437637578054
18.7427693471491	25.6547000152155	98.1554745896711	26.2519086159895	1119.84721087976	0.626484983844999	181.809471291946
17.6019634827751	25.811145337073	111.032290000719	26.2736481899712	1178.25062224411	0.65961055079781	181.835098826215
19.1665976664815	25.667717802444	106.241890004041	27.4492962143138	1019.23271467347	0.63108671230789	180.080727900102
21.2350400564047	26.056412602612	79.4221233864494	31.2945209701856	887.872764335704	0.627002853957283	178.506233014345
19.5723831646153	26.3326879833067	114.176856748707	31.7791639480338	950.827172890406	0.666379204854443	186.131111017352
18.4692407593642	25.6036468416319	109.19898837493	22.3730542117317	1061.61342037252	0.736606132252643	193.178440211374
19.691957137212	25.6589335944308	79.9238564601831	24.8135256793174	1017.25697710645	0.67905055099083	173.15609675496
18.7243476127127	25.6481228078816	90.3019296153422	23.3065208918423	1129.08088493395	0.718890995539859	189.247063629079
19.3181285877659	25.5100177200674	111.033407070885	27.7037356188572	1012.54896040873	0.603925385092592	180.451684975389
19.5954377968781	25.5755670748647	82.6682085096741	21.9962642172639	980.173136625201	0.749814976343712	208.469928314982
18.7124387698868	25.7773316498888	106.594831398231	27.742784072531	1120.07622281802	0.637512820922322	188.685693061568
18.7469927532976	25.6680288997575	133.910187936167	26.4965674618914	985.451230875925	0.650426265037695	187.9732177586
20.2696550261701	25.8130347005293	89.4681346817014	24.4285352220288	903.677759087515	0.749282607081908	186.55883826298
18.5543503796633	25.8020965049098	116.955128293817	26.7750211245102	1044.30999654856	0.657123133640244	189.365336401011
21.2483365378937	25.7573575263224	79.4973989734906	28.1824588505314	889.559170140281	0.621710195876238	178.856104950761
19.836714477103	25.7195788445415	92.2859223190676	26.0380254942245	978.31722714049	0.659937300423772	188.491948257382
19.0723286168171	25.5020697038516	103.018396680626	28.136704451335	1093.66041040261	0.577939261603392	180.249682811221
18.6454653910771	25.6967945950956	96.7582146398376	25.5775658850171	1159.4841304221	0.63903435204826	190.379051871182
16.6558798474993	25.5215774687731	137.66873913923	20.5187808881218	1163.75526972969	0.806964476878203	172.846642385152
19.7131357914793	25.8379323020945	124.295554307906	32.6618489906347	999.485823219467	0.55266876647066	178.632524789068
16.1793285573598	25.8546877500127	140.266722042246	28.7793141431705	1237.24334413137	0.66174171557408	176.609868230954
18.1694205915595	25.6032277685166	123.67292464775	27.8412937458984	1158.28524392807	0.56536913142817	177.734784052877
17.7921921145472	25.926980834902	92.3927797670139	27.2048280432841	1242.09330433832	0.674919981114104	189.034504740449
17.4243669882174	25.8046553567098	129.032749368944	28.5251746376328	1168.25439312103	0.606158433831209	185.363386279622
19.3733465118123	25.5626591249549	92.1711440360026	24.0253462876385	1005.059802327	0.65268806435478	186.444271603165
16.7971388833476	25.9553341370533	112.551489975639	26.2411183104783	1321.69041249419	0.686252942926708	180.270484730525
17.8660803631587	25.6812915478956	110.09863218911	28.0277766519312	1152.01840105457	0.645586900723361	174.969323709914
19.1188190722102	25.7994835257834	96.9814936671499	28.2393929510981	1105.72725265494	0.648333529225787	187.585259233513
18.677198167627	25.5596262957883	100.557113096628	21.5474791992114	1085.31740544602	0.768941966954076	189.716620769813
19.920039073751	25.7734529289511	112.552663479742	28.2710536005266	991.012972287884	0.627904318396657	176.881205243972
19.186815350002	25.7890546833945	106.402912622123	28.2908576851039	1001.3562091937	0.62075583691714	180.706468149381
15.6205428836248	25.9034541776369	117.525391523249	24.5419647678258	1480.55517968253	0.751637013657774	179.100502581184
18.8855142735285	25.821013174027	95.8069187744118	25.8579325510584	1080.07608260087	0.685251184807101	178.17149746142
17.2127455693523	26.1229769089758	125.727868033901	25.6771924169407	1182.15103562826	0.832234026853714	182.989002034013
19.6421437548576	25.7693410949493	103.105423473954	28.0762487994283	1033.83646528947	0.631229485407409	184.576470137691
20.8534467551564	25.7579787695876	84.3654656683709	23.073380160949	902.129209312725	0.781060494155722	180.77051644596
18.5038035695417	25.7615348242309	114.203648046372	26.7096891092997	1066.86204992491	0.673253663676521	188.229662754055
18.4977118501435	25.5767705877335	113.317431215201	22.615374366151	994.637011445877	0.712750244044235	176.406370767031
